NAME	= depthsurface_reclassified
DESCRIPTION	= 
UNIT	= 
DATAFORMAT	= FLOAT
DATAFILE_OFFSET	= 0
BYTEORDER_BIG	= FALSE
TOPTOBOTTOM	= FALSE
POSITION_XMIN	= 43016.4908879482
POSITION_YMIN	= 69947.7606013282
CELLCOUNT_X	= 327
CELLCOUNT_Y	= 477
CELLSIZE	= 27.4406168164
Z_FACTOR	= 1.000000
Z_OFFSET	= 0.000000
NODATA_VALUE	= -99999.000000
